1.506134866903701663e+02
6.707374860227885449e+01
6.706329221597393087e+01
6.704618356253548939e+01
6.702288400948370395e+01
6.699400780010765288e+01
6.696029380577205359e+01
6.692257355112971595e+01
6.688173793974760883e+01
6.683870492208500025e+01
6.679438995903061027e+01
6.674968061969650535e+01
6.670541609872842059e+01
6.666237192573943560e+01
6.662124971176038457e+01
6.658267146348143228e+01
6.654717780016677864e+01
6.651522931534761085e+01
6.648721032162148958e+01
6.646343426425355005e+01
6.644415018532824035e+01
6.642954972271051872e+01
6.641977424025814969e+01
6.641492179022931452e+01
6.641505369671560288e+01
6.642020062742822972e+01
6.643036807947432010e+01
6.644554125080468054e+01
6.646568930224599114e+01
6.649076903747459255e+01
6.652072804173108977e+01
6.655550733054708701e+01
6.659504355916671159e+01
6.663927084745211005e+01
6.668812226939036236e+01
6.674153105571420497e+01
6.679943155162193591e+01
6.686175996802998611e+01
6.692845496065547195e+01
6.699945806594718078e+01
6.707471401872496131e+01
6.715417097429974547e+01
6.723778065208590249e+01
6.732549841758722664e+01
6.741728331391259132e+01
6.751309805550856424e+01
6.761290899123741838e+01
6.771668604571679850e+01
6.782440264342291414e+01
6.793603562107105631e+01
6.805156513289082909e+01
6.817097455075828805e+01
6.829425036172750652e+01
6.842138206671199896e+01
6.855236207932614434e+01
6.868718562757700852e+01
6.882585065919499812e+01
6.896835775122686130e+01
6.911471002354311111e+01
6.926491305744188764e+01
6.941897482010490705e+01
6.957690559258925589e+01
6.973871790470631993e+01
6.990442647373916429e+01
7.007404814906622903e+01
7.024760186131970841e+01
7.042510857636045785e+01
7.060659125439615025e+01
7.079207481297225968e+01
7.098158609498382532e+01
7.117515384049143279e+01
7.137280866276658742e+01
7.157458302836067787e+01
7.178051124091560098e+01
7.199062942841706558e+01
7.220497553399900426e+01
7.242358931068488914e+01
7.264651231863670944e+01
7.287378792602309829e+01
7.310546131300671391e+01
7.334157947845454828e+01
7.358219124984735515e+01
7.382734729606349333e+01
7.407710014252690200e+01
7.433150418969479745e+01
7.459061573386537702e+01
7.485449299110049992e+01
7.512319612292762372e+01
7.539678726585160007e+01
7.567533056274028525e+01
7.595889219671332171e+01
7.624754042854840463e+01
7.654134563549413883e+01
7.684038035405676226e+01
7.714471932493196960e+01
7.745443953974539397e+01
7.776962029256570474e+01
7.809034323235984232e+01
7.841669241964964954e+01
7.874875438531914540e+01
7.908661819289635275e+01
7.943037550369164990e+01
7.978012064539728954e+01
8.013595068375161645e+01
8.049796549763999565e+01
8.086626785791482064e+01
8.124096350934978261e+01
8.162216125740370387e+01
8.200997305708359875e+01
8.240451410798728205e+01
8.280590295188576988e+01
8.321426157536619428e+01
8.362971551740227483e+01
8.405239398034595411e+01
8.448242994773282533e+01
8.491996030534670581e+01
8.536512596921747331e+01
8.581807201826073594e+01
8.627894783319753458e+01
8.674790724154750876e+01
8.722510866911908067e+01
8.771071529815480972e+01
8.820489523268493315e+01
8.870782167134623819e+01
8.921967308755458248e+01
8.974063341829207729e+01
9.027089226151976220e+01
9.081064508202997843e+01
9.136009342808800682e+01
9.191944515584995656e+01
9.248891466680996132e+01
9.306872315422941710e+01
9.365909886263420958e+01
9.426027735874087909e+01
9.487250181552229833e+01
9.549602331031606184e+01
9.613110113685107194e+01
9.677800313261880660e+01
9.743700602242178377e+01
9.810839577894084584e+01
9.879246800105194382e+01
9.948952831124165641e+01
1.001998927734327651e+02
1.009238883314475572e+02
1.016618532705953442e+02
1.024141377032886169e+02
1.031811040793413383e+02
1.039631277237617724e+02
1.047605974028790712e+02
1.055739159211604914e+02
1.064035007495518244e+02
1.072497846891301805e+02
1.081132165705575403e+02
1.089942619923718468e+02
1.098934041011480502e+02
1.108111444154216798e+02
1.117480036968435968e+02
1.127045228710261711e+02
1.136812640031432124e+02
1.146788113296866243e+02
1.156977723518476751e+02
1.167387789943222032e+02
1.178024888349716832e+02
1.188895864081178928e+02
1.200007845898798564e+02
1.211368260688096399e+02
1.222984849105303766e+02
1.234865682198750818e+02
1.247019179126267261e+02
1.259454126002584076e+02
1.272179696006089813e+02
1.285205470805648815e+02
1.298541463443629880e+02
1.312198142762891280e+02
1.326186459522102155e+02
1.340517874325728656e+02
1.355204387517906639e+02
1.370258571212755498e+02
1.385693603624974912e+02
1.401523305911628938e+02
1.417762181732274200e+02
1.434425459770261284e+02
1.451529139469162715e+02
1.469090040279726566e+02
1.487125854732628625e+02
1.505655205690046614e+02
1.524697708151700510e+02
1.544274036073942682e+02
1.564405994647056275e+02
1.585116598581201686e+02
1.606430156981466268e+02
1.628372365485884643e+02
1.650970406367652856e+02
1.674253057453215376e+02
1.698250810741826058e+02
1.722996001797673671e+02
1.748522951002707941e+02
1.774868118028293509e+02
1.802070270953547890e+02
1.830170671677697385e+02
1.859213279500839633e+02
1.889244974981492078e+02
1.920315806449299032e+02
1.952479261938813977e+02
1.985792569577233735e+02
2.020317030054295913e+02
2.056118385183114299e+02
2.093267227209286432e+02
2.131839454253043868e+02
2.171916778045078331e+02
2.213587291107157000e+02
2.256946101633353976e+02
2.302096045747224764e+02
2.349148488291337742e+02
2.398224225325841417e+02
2.449454503673295278e+02
2.502982175681212027e+02
2.558963010519729551e+02
2.617567187400155149e+02
2.678981000820654685e+02
2.743408813846186263e+02
2.811075302523501023e+02
2.882228043375747006e+02
2.957140506730351035e+02
3.036115532170260281e+02
3.119489379158363249e+02
3.207636467094808381e+02
3.300974945610682312e+02
3.399973269988513493e+02
3.505157999714456878e+02
3.617123094221355473e+02
3.736541052146499169e+02
3.864176335294330897e+02
4.000901643283224871e+02
4.147717771055077947e+02
4.305778004555963889e+02
4.476418312375847108e+02
4.661195006163412131e+02
4.861932117957405239e+02
5.080781550728868297e+02
5.320300208774518751e+02
5.583549975990351868e+02
5.874228847835587430e+02
6.196845162687289985e+02
6.556952415951776629e+02
6.961470744244684283e+02
7.419134845313594724e+02
7.941130412954895519e+02
8.542018625564844569e+02
9.241113188677880999e+02
1.006459132004292087e+03
1.104883948857623636e+03
1.224596739239703993e+03
1.373332769437999787e+03
1.563090341582068959e+03
1.813535809974755011e+03
2.159290987664968725e+03
2.667474810247671485e+03
3.487465141367473279e+03
5.032148621549398740e+03
9.009387073421992682e+03
3.845808879290999175e+04
1.486832396830056496e+04
6.478795562788604002e+03
4.133223950127002354e+03
3.034267156448247533e+03
2.397204942153833144e+03
1.981508750031154477e+03
1.688915774181639335e+03
1.471814532540162418e+03
1.304338691944409675e+03
1.171226377885643160e+03
1.062891494508532787e+03
9.730099032171173121e+02
8.972408241808334424e+02
8.325058931622770615e+02
7.765613616081527653e+02
7.277332111380088691e+02
6.847471241221603577e+02
6.466159142852073956e+02
6.125629715129322221e+02
5.819689594359475677e+02
5.543339231382623211e+02
5.292498483439212578e+02
5.063804567786855841e+02
4.854461052603261351e+02
4.662123452245285193e+02
4.484811477435450797e+02
4.320840965971781884e+02
4.168770529981546247e+02
4.027359336919935799e+02
3.895533404789733254e+02
3.772358473531722325e+02
3.657018002833085006e+02
3.548795200687820852e+02
3.447058246770196206e+02
3.351248067044933805e+02
3.260868160167416931e+02
3.175476084800316130e+02
3.094676299946588074e+02
3.018114113825351978e+02
2.945470546143960746e+02
2.876457946802639754e+02
2.810816244284827121e+02
2.748309720566647343e+02
2.688724228338414832e+02
2.631864781336498140e+02
2.577553460710042827e+02
2.525627590102153022e+02
2.475938140038745416e+02
2.428348328720639415e+02
2.382732391574789688e+02
2.338974496289778529e+02
2.296967783648646844e+02
2.256613517487900253e+02
2.217820329545040181e+02
2.180503547086183573e+02
2.144584592911492962e+02
2.109990448791437814e+02
2.076653174695167365e+02
2.044509477108216799e+02
2.013500320728950328e+02
1.983570578520231891e+02
1.954668715798236178e+02
1.926746504519426253e+02
1.899758764494223158e+02
1.873663128592403950e+02
1.848419829386645006e+02
1.823991505001548035e+02
1.800343022161496833e+02
1.777441314714685916e+02
1.755255236051431211e+02
1.733755424072643052e+02
1.712914177458815175e+02
1.692705342165546938e+02
1.673104207173493876e+02
1.654087408635018903e+02
1.635632841621178670e+02
1.617719578798463544e+02
1.600327795408224745e+02
1.583438699968253331e+02
1.567034470230827594e+02
1.551098193909616612e+02
1.535613813789396715e+02
1.520566076836770435e+02
1.505940486985680309e+02
1.491723261290893845e+02
1.477901289175759132e+02
1.464462094530107379e+02
1.451393800427097460e+02
1.438685096252178255e+02
1.426325207067024792e+02
1.414303865022954483e+02
1.402611282684656828e+02
1.391238128103330212e+02
1.380175501527856170e+02
1.369414913624430312e+02
1.358948265093546013e+02
1.348767827593779316e+02
1.338866225873584597e+02
1.329236421026636208e+02
1.319871694800458783e+02
1.310765634881009021e+02
1.301912121083938700e+02
1.293305312406159260e+02
1.284939634870051464e+02
1.276809770110697997e+02
1.268910644660704605e+02
1.261237419900594290e+02
1.253785482605398300e+02
1.246550436082163600e+02
1.239528091845815965e+02
1.232714461807621262e+02
1.226105750944292794e+02
1.219698350418094037e+02
1.213488831138481174e+02
1.207473937719292252e+02
1.201650582822860684e+02
1.196015841881007589e+02
1.190566948146548327e+02
1.185301288091581000e+02
1.180216397112424858e+02
1.175309955536624784e+02
1.170579784922144029e+02
1.166023844633323279e+02
1.161640228674509672e+02
1.157427162792444335e+02
1.153383001815053888e+02
1.149506227231721169e+02
1.145795445008175193e+02
1.142249383624049415e+02
1.138866892328780409e+02
1.135646939615577367e+02
1.132588611900363844e+02
1.129691112413093492e+02
1.126953760289849242e+02
1.124375989863937946e+02
1.121957350163432636e+02
1.119697504603950051e+02
1.117596230880824635e+02
1.115653421058742936e+02
1.113869081870230673e+02
1.112243335202148558e+02
1.110776418801489029e+02
1.109468687180552706e+02
1.108320612735102628e+02
1.107332787082106051e+02
1.106505922615205577e+02
1.105840854288557438e+02
1.105338541639737997e+02
1.105000071047344790e+02
1.104826658250175058e+02
1.104819651117993686e+02
1.104980532701500238e+02
1.105310924560619839e+02
1.105812590395700852e+02
1.106487439984243366e+02
1.107337533452189859e+02
1.108365085876750982e+02
1.109572472271771346e+02
1.110962232935387703e+02
1.112537079219548843e+02
1.114299899720703309e+02
1.116253766931273788e+02
1.118401944373976704e+02
1.120747894248945471e+02
1.123295285645921808e+02
1.126048003320200621e+02
1.129010157119434155e+02
1.132186092065106351e+02
1.135580399162616345e+02
1.139197926979590534e+02
1.143043794050536945e+02
1.147123402176005555e+02
1.151442450679880380e+02
1.156006951692746867e+02
1.160823246552567696e+02
1.165898023408043116e+02
1.171238336119051553e+02
1.176851624564156396e+02
1.182745736464623860e+02
1.188928950869810421e+02
1.195410003424332928e+02
1.202198113583870196e+02
1.209303013960130357e+02
1.216734981957781372e+02
1.224504873941496470e+02
1.232624162140879065e+02
1.241104974565809442e+02
1.249960138208688960e+02
1.259203225836507443e+02
1.268848606754613400e+02
1.278911501894148728e+02
1.289408043683250469e+02
1.300355341179759989e+02
1.311771551001496903e+02
1.323675954667876056e+02
1.336089043037590898e+02
1.349032608595660463e+02
1.362529846459689225e+02
1.376605465078901602e+02
1.391285807712559688e+02
1.406598985938989301e+02
1.422575026597324381e+02
1.439246033769711914e+02
1.456646367600197607e+02
1.474812842067954364e+02
1.493784944052970047e+02
1.513605076432757244e+02
1.534318828337827654e+02
1.555975276165504226e+02
1.578627319506689446e+02
1.602332056807426568e+02
1.627151206331576816e+02
1.653151578966195814e+02
1.680405610412627198e+02
1.708991961691792767e+02
1.738996198400867286e+02
1.770511561016027144e+02
1.803639840814231263e+02
1.838492378705329884e+02
1.875191207553681636e+02
1.913870362639470670e+02
1.954677389828018192e+02
1.997775087174098303e+02
2.043343523184208550e+02
2.091582384442116052e+02
2.142713716980697995e+02
2.196985140756217731e+02
2.254673635167194732e+02
2.316090017708422124e+02
2.381584268349259332e+02
2.451551892096322831e+02
2.526441563781071125e+02
2.606764367023022828e+02
2.693105029146694847e+02
2.786135673907594992e+02
2.886632775834251561e+02
2.995498220788065282e+02
3.113785681829030523e+02
3.242733943985408018e+02
3.383809411989036562e+02
3.538760895027269271e+02
3.709691014423202660e+02
3.899150431860949766e+02
4.110263884899474647e+02
4.346901302201032422e+02
4.613914000965569358e+02
4.917466798464517410e+02
5.265514772671657511e+02
5.668503920305324755e+02
6.140428788611957316e+02
6.700478929326726529e+02
7.375695691786987709e+02
8.205444949814879010e+02
9.249339657668582504e+02
1.060217352766738941e+03
1.242435359966837950e+03
1.501051055737846127e+03
1.896687162598764189e+03
2.577031964580862223e+03
4.019718436478521653e+03
9.076083902978587503e+03
2.557632772142038812e+04
5.752451898815733330e+03
3.188783912730202246e+03
2.203262248828043084e+03
1.682509220849303119e+03
1.360659472815263825e+03
1.142097747545800075e+03
9.840164740054403865e+02
8.643880986657810581e+02
7.707223353806730302e+02
6.954091888945631581e+02
6.335477117015327622e+02
5.818391387459172392e+02
5.379816821208851252e+02
5.003203714903825698e+02
4.676347809538183924e+02
4.390051999315781472e+02
4.137253917282567954e+02
3.912440572570148447e+02
3.711245580996687181e+02
3.530165825344275845e+02
3.366358176410384431e+02
3.217491070113549654e+02
3.081634413898956950e+02
2.957176751189378479e+02
2.842762122478747528e+02
2.737241367341299565e+02
2.639634155629487964e+02
2.549099087697477728e+02
2.464909931524679223e+02
2.386436575844616073e+02
2.313129642318581602e+02
2.244507962117902764e+02
2.180148313593470561e+02
2.119676958651118355e+02
2.062762620476741233e+02
2.009110624169075834e+02
1.958457981601147821e+02
1.910569247685931771e+02
1.865233010344956028e+02
1.822258903991140642e+02
1.781475057585833497e+02
1.742725905287092303e+02
1.705870300949281670e+02
1.670779888403074551e+02
1.637337687924441525e+02
1.605436866173573947e+02
1.574979662384773462e+02
1.545876448167449837e+02
1.518044901882684883e+02
1.491409281664856223e+02
1.465899783580587723e+02
1.441451973542613132e+02
1.418006283244123154e+02
1.395507561899976281e+02
1.373904676668752529e+02
1.353150155739096192e+02
1.333199868837780571e+02
1.314012740667763808e+02
1.295550493394083844e+02
1.277777414778478686e+02
1.260660149065419944e+02
1.244167508029161553e+02
1.228270299967392845e+02
1.212941174677216907e+02
1.198154482715889628e+02
1.183886147409244813e+02
1.170113548307610500e+02
1.156815414897585583e+02
1.143971729546921239e+02
1.131563638747388154e+02
1.119573371854952484e+02
1.107984166595176845e+02
1.096780200683349449e+02
1.085946528996193763e+02
1.075469025760437631e+02
1.065334331318491792e+02
1.055529803042990267e+02
1.046043470032234524e+02
1.036863991259053535e+02
1.027980616868062924e+02
1.019383152344912702e+02
1.011061925328834832e+02
1.003007754832191836e+02
9.952119226758493653e+01
9.876661469578232300e+01
9.803625573881875255e+01
9.732936723460957751e+01
9.664523775154756891e+01
9.598319059913957574e+01
9.534258197239100241e+01
9.472279922131056651e+01
9.412325923581119014e+01
9.354340693679885987e+01
9.298271386641113168e+01
9.244067687028604041e+01
9.191681686449115318e+01
9.141067768199630450e+01
9.092182499240833238e+01
9.044984529066549328e+01
8.999434494988481958e+01
8.955494933301756078e+01
8.913130196134683558e+01
8.872306373401546864e+01
8.832991219745748879e+01
8.795154085949420164e+01
8.758765854694038921e+01
8.723798880331131045e+01
8.690226932433516538e+01
8.658025142919800032e+01
8.627169956499173509e+01
8.597639084365330575e+01
8.569411460779362244e+01
8.542467202571702956e+01
8.516787571277866675e+01
8.492354937831896677e+01
8.469152749700627680e+01
8.447165500282609685e+01
8.426378700558623791e+01
8.406778852779015665e+01
8.388353426204704988e+01
8.371090834780872569e+01
8.354980416635828533e+01
8.340012415374670240e+01
8.326177963115702596e+01
8.313469065192009566e+01
8.301878586438422758e+01
8.291400239129043825e+01
8.282028572389732801e+01
8.273758963122966748e+01
8.266587608480092797e+01
8.260511519698083305e+01
8.255528517453151949e+01
8.251637228579241423e+01
8.248837084251748308e+01
8.247128319558322573e+01
8.246511974512321785e+01
8.246989896441506573e+01
8.248564743842685232e+01
8.251239991679658203e+01
8.255019938132755897e+01
8.259909712831353090e+01
8.265915286645926585e+01
8.273043482967541706e+01
8.281301990658405998e+01
8.290699378565662414e+01
8.301245111766918683e+01
8.312949569605693512e+01
8.325824065450839839e+01
8.339880868368877032e+01
8.355133226851313566e+01
8.371595394462281092e+01
8.389282657694998591e+01
8.408211366104052331e+01
8.428398964727590226e+01
8.449864029054980108e+01
8.472626302594196090e+01
8.496706737221411743e+01
8.522127536408382298e+01
8.548912201604100858e+01
8.577085581852330165e+01
8.606673926970705679e+01
8.637704944334021206e+01
8.670207859703408815e+01
8.704213482213701525e+01
8.739754273895400161e+01
8.776864423917831459e+01
8.815579928109818297e+01
8.855938673845251685e+01
8.897980530899185680e+01
8.941747448647772956e+01
8.987283560026546070e+01
9.034635292846917309e+01
9.083851488977329325e+01
9.134983532015843366e+01
9.188085484153766913e+01
9.243214232890822757e+01
9.300429648484568190e+01
9.359794753000390699e+01
9.421375901846765544e+01
9.485242978992577889e+01
9.551469606920420574e+01
9.620133372641159042e+01
9.691316071195960546e+01
9.765103968237791321e+01
9.841588083273519771e+01
9.920864495661565741e+01
1.000303467539714148e+02
1.008820584093522683e+02
1.017649134681975767e+02
1.026801110387112459e+02
1.036289203521487110e+02
1.046126857169343083e+02
1.056328319068047534e+02
1.066908700279315241e+02
1.077884039146108535e+02
1.089271371097481733e+02
1.101088804938456605e+02
1.113355606324339391e+02
1.126092289231454089e+02
1.139320716315629625e+02
1.153064209192771017e+02
1.167347669798596712e+02
1.182197714134045157e+02
1.197642819913233438e+02
1.213713489812050739e+02
1.230442432275288382e+02
1.247864762132244323e+02
1.266018223580351645e+02
1.284943438514839329e+02
1.304684183616276982e+02
1.325287700160475879e+02
1.346805041152885565e+02
1.369291461119579196e+02
1.392806854812385779e+02
1.417416252139830988e+02
1.443190377897178394e+02
1.470206286422600783e+02
1.498548083144811187e+02
1.528307747215807524e+02
1.559586072151120675e+02
1.592493744695706539e+02
1.627152586219035868e+02
1.663696985927212779e+02
1.702275561378758653e+02
1.743053089523950234e+02
1.786212761069733688e+02
1.831958823197887796e+02
1.880519690935646508e+02
1.932151627124230231e+02
1.987143116006800199e+02
2.045820087885654459e+02
2.108552194564437627e+02
2.175760390651346370e+02
2.247926149130942406e+02
2.325602737537596170e+02
2.409429113023681737e+02
2.500147174546336828e+02
2.598623358076447971e+02
2.705875906176302124e+02
2.823109631078257280e+02
2.951760688844747733e+02
3.093554897498176501e+02
3.250584632601953672e+02
3.425411591222493257e+02
3.621206179674027794e+02
3.841939713255765696e+02
4.092654344809245686e+02
4.379850043668627109e+02
4.712052449686952400e+02
5.100668556285611430e+02
5.561316114494248950e+02
6.115963782590492883e+02
6.796524020512465540e+02
7.651195692279442255e+02
8.756369640381126374e+02
1.024076152033390827e+03
1.233943784599546916e+03
1.553212375552007416e+03
2.097273226309142956e+03
3.230784278702964457e+03
7.002976768983883630e+03
2.512026745996229874e+04
5.010522188568221281e+03
2.716143842992208192e+03
1.859786296197511092e+03
1.412956049557336428e+03
1.138727809285383273e+03
9.533339787654500697e+02
8.196522510607752565e+02
7.187113758475888972e+02
6.398073664620033014e+02
5.764430823597401741e+02
5.244466287386405838e+02
4.810166514899863728e+02
4.442022853915751739e+02
4.126031847427034904e+02
3.851881411981029260e+02
3.611809777125187679e+02
3.399863026029340176e+02
3.211397732780430943e+02
3.042739227359043639e+02
2.890941493118785957e+02
2.753615099899633947e+02
2.628801695898523576e+02
2.514880995136733191e+02
2.410500850999570162e+02
2.314523996482517134e+02
2.225986993809353578e+02
2.144068248243971482e+02
2.068062834010328004e+02
1.997362497808778130e+02
1.931439638745866887e+02
1.869834371769103427e+02
1.812144003713112568e+02
1.758014412861202231e+02
1.707132942103446851e+02
1.659222504444679487e+02
1.614036666275678726e+02
1.571355524258896423e+02
1.530982230313820196e+02
1.492740048877169272e+02
1.456469853697345513e+02
1.422027989423484655e+02
1.389284437454574004e+02
1.358121236694120739e+02
1.328431118836255109e+02
1.300116324922074966e+02
1.273087575696669802e+02
1.247263172930336026e+02
1.222568212689316596e+02
1.198933894607612132e+02
1.176296913765690419e+02
1.154598923886428423e+02
1.133786062265295840e+02
1.113808528321105911e+02
1.094620208826351586e+02
1.076178343906038180e+02
1.058443228718213334e+02
1.041377946443162443e+02
1.024948128827968645e+02
1.009121741012410354e+02
9.938688878180339259e+01
9.791616390469923203e+01
9.649738716412798567e+01
9.512811268475778093e+01
9.380604807376435872e+01
9.252904266597110450e+01
9.129507683536645857e+01
9.010225226202193483e+01
8.894878305647303307e+01
8.783298765468873626e+01
8.675328140664170462e+01
8.570816979051039652e+01
8.469624219208711224e+01
8.371616619428719730e+01
8.276668233024393828e+01
8.184659925542231917e+01
8.095478930115055505e+01
8.009018437438157889e+01
7.925177217354044501e+01
7.843859269151822389e+01
7.764973498141105779e+01
7.688433416256802388e+01
7.614156864576465011e+01
7.542065755968539520e+01
7.472085836210499110e+01
7.404146461982986693e+01
7.338180394479627466e+01
7.274123607309059025e+01
7.211915107552644599e+01
7.151496769032861778e+01
7.092813176747270631e+01
7.035811481678298662e+01
6.980441265173148224e+01
6.926654412191852828e+01
6.874404992752029386e+01
6.823649150994826584e+01
6.774345001293082191e+01
6.726452530952002462e+01
6.679933508968363753e+01
6.634751400473821548e+01
6.590871286477744206e+01
6.548259788520356039e+01
6.506884997911160440e+01
6.466716409268560994e+01
6.427724858075325187e+01
6.389882461958938364e+01
6.353162565510156412e+01
6.317539688368547246e+01
6.282989476415469454e+01
6.249488655839535056e+01
6.217014989947910664e+01
6.185547238535744441e+01
6.155065119658473094e+01
6.125549273676256234e+01
6.096981229463264640e+01
6.069343372631798417e+01
6.042618915676823832e+01
6.016791869931689263e+01
5.991847019267245855e+01
5.967769895409801251e+01
5.944546754811557321e+01
5.922164557033821097e+01
5.900610944492515841e+01
5.879874223620857521e+01
5.859943347269513225e+01
5.840807898362909611e+01
5.822458074773908976e+01
5.804884675312153774e+01
5.788079086838470033e+01
5.772033272426610040e+01
5.756739760604916967e+01
5.742191635575739639e+01
5.728382528405516183e+01
5.715306609212198907e+01
5.702958580261274335e+01
5.691333670003692902e+01
5.680427628011975827e+01
5.670236720816571818e+01
5.660757728646795073e+01
5.651987943035459949e+01
5.643925165328897009e+01
5.636567706074291095e+01
5.629914385287005274e+01
5.623964533627595586e+01
5.618717994482619105e+01
5.614175126950234329e+01
5.610336809773420441e+01
5.607204446214441873e+01
5.604779969919043481e+01
5.603065851769640204e+01
5.602065107771547048e+01
5.601781308010730953e+01
5.602218586695076397e+01
5.603381653370774984e+01
5.605275805296130898e+01
5.607906941076659280e+01
5.611281575575910097e+01
5.615406856241316547e+01
5.620290580776855194e+01
5.625941216383262145e+01
5.632367920550277773e+01
5.639580563536545554e+01
5.647589752604222468e+01
5.656406858141820493e+01
5.666044041773761109e+01
5.676514286572735557e+01
5.687831429539257755e+01
5.700010196477410318e+01
5.713066239426511572e+01
5.727016176837741313e+01
5.741877636691241094e+01
5.757669302729014760e+01
5.774410964084680131e+01
5.792123568524910127e+01
5.810829279570452854e+01
5.830551537853526156e+01
5.851315126940100697e+01
5.873146244075679334e+01
5.896072576175837554e+01
5.920123381537639062e+01
5.945329577712054459e+01
5.971723836059077684e+01
5.999340683618945036e+01
6.028216612802716412e+01
6.058390199729817027e+01
6.089902231893284323e+01
6.122795846025918820e+01
6.157116677089537404e+01
6.192913019460585389e+01
6.230236001387940092e+01
6.269139774082613314e+01
6.309681716801090801e+01
6.351922659494312740e+01
6.395927124830731003e+01
6.441763591515493204e+01
6.489504781133575761e+01
6.539227970911011312e+01
6.591015335274090603e+01
6.644954319175535318e+01
6.701138046795345815e+01
6.759665769446827710e+01
6.820643357244175320e+01
6.884183839486007628e+01
6.950407999479027410e+01
7.019445030332948932e+01
7.091433259066077710e+01
7.166520947483367365e+01
7.244867179436194249e+01
7.326642845545212879e+01
7.412031738094439959e+01
7.501231770670034393e+01
7.594456339489434527e+01
7.691935845935437044e+01
7.793919403024359838e+01
7.900676752246916124e+01
8.012500421578457122e+01
8.129708160906429271e+01
8.252645697296945571e+01
8.381689860182595453e+01
8.517252135727450479e+01
8.659782720764046360e+01
8.809775160061751365e+01
8.967771667305785854e+01
9.134369250370232862e+01
9.310226786215423544e+01
9.496073221886513238e+01
9.692717116232539354e+01
9.901057785306298342e+01
1.012209837488450574e+02
1.035696126035086735e+02
1.060690627214785593e+02
1.087335237064641404e+02
1.115790355682424320e+02
1.146238001707326220e+02
1.178885577849792696e+02
1.213970451979416936e+02
1.251765567558146159e+02
1.292586363737702015e+02
1.336799376228526910e+02
1.384833015284305304e+02
1.437191192020539177e+02
1.494470711709924444e+02
1.557383707615207413e+02
1.626786905967654207e+02
1.703720278519386113e+02
1.789458794109564792e+02
1.885582758015867171e+02
1.994075023458978251e+02
2.117457866016064258e+02
2.258989776661157123e+02
2.422955180793791499e+02
2.615102643334160462e+02
2.843328624994933307e+02
3.118783827435487979e+02
3.457741758177347151e+02
3.884921472018144186e+02
4.439781059988721381e+02
5.189421530541377479e+02
6.257913912920189432e+02
7.902967598025055622e+02
1.076166340061725577e+03
1.694939195225744470e+03
3.997352483082785966e+03
8.276663857621817442e+03
2.172502236453704427e+03
1.228841873498901577e+03
8.532539747549506046e+02
6.518033348055388387e+02
5.262451635318961962e+02
4.405164287624152735e+02
3.782730703953356510e+02
3.310356700990710692e+02
2.939676338161264084e+02
2.641089340872412095e+02
2.395465620577588766e+02
2.189892430318823244e+02
2.015338547827192031e+02
1.865297853895013702e+02
1.734964530473915261e+02
1.620711713301256793e+02
1.519750878594106780e+02
1.429902862545293090e+02
1.349440041683383527e+02
1.276975144864125866e+02
1.211381377013201330e+02
1.151734028750827150e+02
1.097267118677414430e+02
1.047340738977295018e+02
1.001416143648107919e+02
9.590365189893489628e+01
9.198119796652171942e+01
8.834077453103591893e+01
8.495347379743074612e+01
8.179420411991648621e+01
7.884108044694599471e+01
7.607492798202196127e+01
7.347887526653389045e+01
7.103801843517842940e+01
6.873914253331554391e+01
6.657048889354459220e+01
6.452155992839524856e+01
6.258295450141297067e+01
6.074622843037610664e+01
5.900377575823452503e+01
5.734872727147594418e+01
5.577486341223777089e+01
5.427653925742237817e+01
5.284861965805102813e+01
5.148642296939063812e+01
5.018567207227795279e+01
4.894245160749554202e+01
4.775317052258048278e+01
4.661452917640869487e+01
4.552349036787335024e+01
4.447725375284061755e+01
4.347323319619523829e+01
4.250903667320766033e+01
4.158244839187871378e+01
4.069141285499001270e+01
3.983402062068446980e+01
3.900849555432088778e+01
3.821318339216590942e+01
3.744654146230039515e+01
3.670712942850259708e+01
3.599360094019241529e+01
3.530469608643804946e+01
3.463923456546606161e+01
3.399610949155565720e+01
3.337428177109429583e+01
3.277277498764061647e+01
3.219067074301190701e+01
3.162710440785134125e+01
3.108126124003139878e+01
3.055237283463833720e+01
3.003971387254360792e+01
2.954259913899621637e+01
2.906038078632963462e+01
2.859244581778449756e+01
2.813821377185518102e+01
2.769713458884510970e+01
2.726868664310869761e+01
2.685237492607532062e+01
2.644772936692642062e+01
2.605430327869343898e+01
2.567167191915075364e+01
2.529943115682629795e+01
2.493719623293783982e+01
2.458460061160270627e+01
2.424129491108995538e+01
2.390694590927630259e+01
2.358123561763182252e+01
2.326386041811897343e+01
2.295453025822326865e+01
2.265296789944263978e+01
2.235890821526806960e+01
2.207209753481383174e+01
2.179229302885270059e+01
2.151926213479296024e+01
2.125278201797240030e+01
2.099263906673763103e+01
2.073862841842552029e+01
2.049055351458876473e+01
2.024822568298073833e+01
2.001146374475036893e+01
1.978009364485401633e+01
1.955394810427399221e+01
1.933286629238908461e+01
1.911669351844090059e+01
1.890528094045465579e+01
1.869848529078114296e+01
1.849616861697805348e+01
1.829819803717112947e+01
1.810444550888224313e+01
1.791478761055610747e+01
1.772910533483477735e+01
1.754728389308892744e+01
1.736921253033395018e+01
1.719478434984194948e+01
1.702389614724225808e+01
1.685644825302511052e+01
1.669234438322979841e+01
1.653149149802448292e+01
1.637379966727268865e+01
1.621918194307426830e+01
1.606755423871810606e+01
1.591883521366798071e+01
1.577294616430520335e+01
1.562981092021015073e+01
1.548935574540630888e+01
1.535150924468176292e+01
1.521620227428951466e+01
1.508336785728651108e+01
1.495294110280898536e+01
1.482485912944291329e+01
1.469906099235377006e+01
1.457548761386251535e+01
1.445408171764312577e+01
1.433478776605635474e+01
1.421755190060879848e+01
1.410232188549987242e+01
1.398904705392596703e+01
1.387767825724362680e+01
1.376816781666778056e+01
1.366046947773746112e+01
1.355453836703952675e+01
1.345033095146296986e+01
1.334780499973232715e+01
1.324691954636059954e+01
1.314763485759255524e+01
1.304991239970257944e+01
1.295371480941573417e+01
1.285900586640851628e+01
1.276575046794759061e+01
1.267391460557563221e+01
1.258346534395120919e+01
1.249437080175402670e+01
1.240660013469411638e+01
1.232012352064743332e+01
1.223491214698740137e+01
1.215093820022333837e+01
1.206817485770139164e+01
1.198659628188640447e+01
1.190617761692746868e+01
1.182689498781438076e+01
1.174872550211896538e+01
1.167164725463135255e+01
1.159563933469130603e+01
1.152068183680933622e+01
1.144675587436220354e+01
1.137384359694812730e+01
1.130192821121726432e+01
1.123099400579549467e+01
1.116102638042809581e+01
1.109201187960243473e+01
1.102393823117773231e+01
1.095679439027154878e+01
1.089057058886428209e+01
1.082525839160828163e+01
1.076085075856764206e+01
1.069734211502283650e+01
1.063472842959977349e+01
1.057300730089279739e+01
1.051217805380411185e+01
1.045224184626554376e+01
1.039320178744822698e+01
1.033506306847274203e+01
1.027783310693517826e+01
1.022152170657284564e+01
1.016614123352371912e+01
1.011170681086700185e+01
1.005823653341553303e+01
1.000575170453180718e+01
9.954277097584290246e+00
9.903841244232657104e+00
9.854476752659438787e+00
9.806220658531103140e+00
9.759114812420136786e+00
9.713206307291502029e+00
9.668547950438441063e+00
9.625198784439382038e+00
9.583224662505664071e+00
9.542698883784925812e+00
9.503702895234047432e+00
9.466327067007201279e+00
9.430671549203013981e+00
9.396847218841534399e+00
9.364976726410908725e+00
9.335195652850092785e+00
9.307653788573558629e+00
9.282516547617257530e+00
9.259966531246677235e+00
9.240205256847950466e+00
9.223455069663403449e+00
9.209961256935272900e+00
9.199994385650313689e+00
9.193852888060177975e+00
9.191865921370039771e+00
9.194396531363741687e+00
9.201845153140327582e+00
9.214653486768600743e+00
9.233308790365486018e+00
9.258348640047387335e+00
9.290366213229596326e+00
9.330016162212764641e+00
9.378021156842777373e+00
9.435179190720367259e+00
9.502371765709684226e+00
9.580573094892315567e+00
9.670860497143808132e+00
9.774426199193124276e+00
9.892590815331976373e+00
1.002681884519181565e+01
1.017873662009859359e+01
1.035015324356296773e+01
1.054308522017457861e+01
1.075978565683245591e+01
1.100277916589273453e+01
1.127490391707920203e+01
1.157936269844747201e+01
1.191978538969173762e+01
1.230030597102183876e+01
1.272565815596959027e+01
1.320129504610152971e+01
1.373354000670461161e+01
1.432977847168051611e+01
1.499870393513858602e+01
1.575063648008478800e+01
1.659793962250090260e+01
1.755557226540201299e+01
1.864182919970290087e+01
1.987934923669168086e+01
2.129651046668918823e+01
2.292939738625480217e+01
2.482463291155562501e+01
2.704355360758578897e+01
2.966853490959423567e+01
3.281287904118926235e+01
3.663684912860673393e+01
4.137482122761434056e+01
4.738372145590892615e+01
5.523513385273447795e+01
6.590511174206577039e+01
8.120846177139414124e+01
1.049446841026350086e+02
1.466228464640266225e+02
2.385336775973518115e+02
5.993467723854486167e+02
1.012071345815453697e+03
3.011323317414426128e+02
1.771604857166902036e+02
1.265365302936502019e+02
9.909062445223064231e+01
8.188944635759811774e+01
7.010896830177883032e+01
6.154173302820448299e+01
5.503504374937672594e+01
4.992833589597340449e+01
4.581591931880660695e+01
4.243489176199744861e+01
3.960741477869253657e+01
3.720889493385375602e+01
3.514945187965766848e+01
3.336262188983935317e+01
3.179820263885531162e+01
3.041757012614880296e+01
2.919052557479766818e+01
2.809311929939866559e+01
2.710611574949374969e+01
2.621388966038274049e+01
2.540361837963262559e+01
2.466468163595766683e+01
2.398820915060886350e+01
2.336673528890062457e+01
2.279393233053017553e+01
2.226440224577234872e+01
2.177351253794709862e+01
2.131726564598300655e+01
2.089219416929251949e+01
2.049527615087681909e+01
2.012386607928305438e+01
1.977563831070957789e+01
1.944854038052363521e+01
1.914075424584110863e+01
1.885066393210905034e+01
1.857682838296006267e+01
1.831795856385075538e+01
1.807289806218265582e+01
1.784060657735223288e+01
1.762014581120510570e+01
1.741066736188217234e+01
1.721140229734917781e+01
1.702165214330378973e+01
1.684078106698412824e+01
1.666820907589307055e+01
1.650340608155296351e+01
1.634588670244660946e+01
1.619520570162599782e+01
1.605095397021583281e+01
1.591275498238755226e+01
1.578026165886493004e+01
1.565315358481757357e+01
1.553113453681343792e+01
1.541393027933230897e+01
1.530128659746954511e+01
1.519296753690737134e+01
1.508875382602786530e+01
1.498844145890650026e+01
1.489184042020485776e+01
1.479877353589881750e+01
1.470907543557073893e+01
1.462259161393619422e+01
1.453917758071070665e+01
1.445869808942231316e+01
1.438102643668243275e+01
1.430604382471411462e+01
1.423363878041253372e+01
1.416370662548216153e+01
1.409614899229791973e+01
1.403087338112629290e+01
1.396779275469697978e+01
1.390682516639664890e+01
1.384789341915971939e+01
1.379092475186255484e+01
1.373585055108783237e+01
1.368260608555362978e+01
1.363113026143485840e+01
1.358136539673432530e+01
1.353325701283272764e+01
1.348675364190859938e+01
1.344180664899573685e+01
1.339837006699682043e+01
1.335640044411882954e+01
1.331585670242476915e+01
1.327670000653057514e+01
1.323889364190856810e+01
1.320240290178587550e+01
1.316719498212914630e+01
1.313323888404287842e+01
1.310050532297825043e+01
1.306896664431898003e+01
1.303859674484929521e+01
1.300937099967788058e+01
1.298126619418135697e+01
1.295426046068964254e+01
1.292833321959707504e+01
1.290346512444425287e+01
1.287963801092350202e+01
1.285683484943722021e+01
1.283503970085636148e+01
1.281423767558998961e+01
1.279441489545974697e+01
1.277555845837698456e+01
1.275765640555460045e+01
1.274069769130172602e+01
1.272467215491089654e+01
1.270957049491457269e+01
1.269538424532908749e+01
1.268210575384452987e+01
1.266972816194701501e+01
1.265824538671914823e+01
1.264765210445099974e+01
1.263794373582200414e+01
1.262911643263061201e+01
1.262116706606469130e+01
1.261409321641570358e+01
1.260789316419061201e+01
1.260256588254660670e+01
1.259811103115058906e+01
1.259452895122523053e+01
1.259182066192229854e+01
1.258998785791008856e+01
1.258903290823608145e+01
1.258895885634119516e+01
1.258976942127222465e+01
1.259146900011083403e+01
1.259406267167201499e+01
1.259755620118419017e+01
1.260195604640244582e+01
1.260726936479438720e+01
1.261350402192049636e+01
1.262066860117030487e+01
1.262877241464867240e+01
1.263782551537068599e+01
1.264783871080310895e+01
1.265882357764803778e+01
1.267079247816257848e+01
1.268375857774326043e+01
1.269773586400554777e+01
1.271273916753145983e+01
1.272878418393880295e+01
1.274588749776799901e+01
1.276406660804691029e+01
1.278333995553577829e+01
1.280372695191092980e+01
1.282524801088396238e+01
1.284792458127458836e+01
1.287177918234500851e+01
1.289683544121938930e+01
1.292311813278964117e+01
1.295065322203104152e+01
1.297946790897664826e+01
1.300959067646260614e+01
1.304105134077004280e+01
1.307388110535242198e+01
1.310811261793737970e+01
1.314378003099833769e+01
1.318091906599068075e+01
1.321956708152086080e+01
1.325976314562594460e+01
1.330154811261988890e+01
1.334496470458791784e+01
1.339005759794506467e+01
1.343687351553368714e+01
1.348546132417673427e+01
1.353587213881845486e+01
1.358815943293500794e+01
1.364237915620030428e+01
1.369858985962720155e+01
1.375685282895453909e+01
1.381723222673003804e+01
1.387979524376029161e+01
1.394461226069940452e+01
1.401175702054608330e+01
1.408130681285591379e+01
1.415334267060272389e+01
1.422794958069472138e+01
1.430521670932251688e+01
1.438523764324127185e+01
1.446811064837872784e+01
1.455393894707562197e+01
1.464283101591703584e+01
1.473490090545399767e+01
1.483026858396728720e+01
1.492906030755633040e+01
1.503140901845290678e+01
1.513745477449808519e+01
1.524734521271200016e+01
1.536123604970069145e+01
1.547929162275773507e+01
1.560168547548428286e+01
1.572860099199736617e+01
1.586023208508324878e+01
1.599678394297205131e+01
1.613847384122442463e+01
1.628553202624599550e+01
1.643820267776846578e+01
1.659674495900938851e+01
1.676143416368651629e+01
1.693256297045568104e+01
1.711044281706793413e+01
1.729540540730397780e+01
1.748780436629471779e+01
1.768801706140972740e+01
1.789644660838228063e+01
1.811352408519200097e+01
1.833971097879686951e+01
1.857550189468453894e+01
1.882142756177888998e+01
1.907805817186068609e+01
1.934600709721226153e+01
1.962593503778054682e+01
1.991855465666554181e+01
2.022463577263761181e+01
2.054501118931413828e+01
2.088058325393232195e+01
2.123233125451989878e+01
2.160131978354808524e+01
2.198870821830879763e+01
2.239576149636016922e+01
2.282386239686356433e+01
2.327452557977453296e+01
2.374941368292511612e+01
2.425035583854925036e+01
2.477936904387659212e+01
2.533868291276896656e+01
2.593076844959002614e+01
2.655837162862555445e+01
2.722455274295840866e+01
2.793273271252737189e+01
2.868674783174735765e+01
2.949091480673137156e+01
3.035010841099809298e+01
3.126985471280204720e+01
3.225644364058222635e+01
3.331706573555908335e+01
3.445997937891349494e+01
3.569471672209801483e+01
3.703233918984799544e+01
3.848575705823288473e+01
4.007013267319309335e+01
4.180339401083161022e+01
4.370689548961848203e+01
4.580627776128013551e+01
4.813260007024847198e+01
5.072385161024246258e+01
5.362699859844094163e+01
5.690080250055063260e+01
6.061977099397972069e+01
6.487981091610512863e+01
6.980650462702961079e+01
7.556754903588671368e+01
8.239202293736337879e+01
9.060129519394351405e+01
1.006606956344171806e+02
1.132702666454010654e+02
1.295340384541199796e+02
1.513004026261953925e+02
1.819160330943173847e+02
2.281274824839314590e+02
3.058555469415519497e+02
4.637004538115586456e+02
9.514047909405422843e+02
4.262848928064656320e+03
8.160321994110011019e+02
4.286765321573681717e+02
2.902629245963694302e+02
2.193998498835134399e+02
1.763768262507591373e+02
1.474957078948513640e+02
1.267757108254832588e+02
1.111909517745062601e+02
9.904655233380982793e+01
8.931942586963349129e+01
8.135548810389954610e+01
7.471707383611095565e+01
6.910027499092117864e+01
6.428747406042519685e+01
6.011874985211536426e+01
5.647394613656206985e+01
5.326103598028561947e+01
5.040834565432549397e+01
4.785922283742159067e+01
4.556829739525739598e+01
4.349880610213499210e+01
4.162064412292595250e+01
3.990892290536879727e+01
3.834288731420171814e+01
3.690509176521839407e+01
3.558076586060997926e+01
3.435732055108149297e+01
3.322395980054884745e+01
3.217137236203892314e+01
3.119148502477895590e+01
3.027726349123366134e+01
2.942255049038569226e+01
2.862193325083347517e+01
2.787063430306063339e+01
2.716442095634339182e+01
2.649952982780207478e+01
2.587260358195279863e+01
2.528063763689678822e+01
2.472093505182435536e+01
2.419106816682139183e+01
2.368884584505638458e+01
2.321228538495473259e+01
2.275958834395730435e+01
2.232911965256202791e+01
2.191938950762509464e+01
2.152903762314090130e+01
2.115681948777666221e+01
2.080159433667812863e+01
2.046231459399904296e+01
2.013801657947569979e+01
1.982781230674654083e+01
1.953088222603197011e+01
1.924646878717790699e+01
1.897387071652253709e+01
1.871243791692399583e+01
1.846156691340775780e+01
1.822069677731381532e+01
1.798930547131696756e+01
1.776690656551511083e+01
1.755304628130971167e+01
1.734730082568477982e+01
1.714927398284873306e+01
1.695859493491627390e+01
1.677491628669653423e+01
1.659791227221801435e+01
1.642727712442998467e+01
1.626272359043125348e+01
1.610398157745726522e+01
1.595079691675832834e+01
1.580293023290210108e+01
1.566015590894873633e+01
1.552226113739428293e+01
1.538904504928612127e+01
1.526031791383000602e+01
1.513590040201894027e+01
1.501562290840305813e+01
1.489932492567460898e+01
1.478685446743482679e+01
1.467806753481044701e+01
1.457282762317926661e+01
1.447100526533098019e+01
1.437247760846411815e+01
1.427712802155190275e+01
1.418484573090884027e+01
1.409552548183683029e+01
1.400906722363340684e+01
1.392537581684208625e+01
1.384436076028222651e+01
1.376593593696879658e+01
1.369001937688269699e+01
1.361653303566288287e+01
1.354540258800235897e+01
1.347655723450602316e+01
1.340992952112925884e+01
1.334545517016713490e+01
1.328307292223168012e+01
1.322272438813752338e+01
1.316435391003413891e+01
1.310790843151704799e+01
1.305333737552250284e+01
1.300059252993715830e+01
1.294962794027490460e+01
1.290039980882261084e+01
1.285286640007369741e+01
1.280698795181092997e+01
1.276272659172926893e+01
1.272004625892466301e+01
1.267891263037458494e+01
1.263929305168792894e+01
1.260115647218279200e+01
1.256447338393568991e+01
1.252921576438406959e+01
1.249535702280375382e+01
1.246287194964545364e+01
1.243173666953353518e+01
1.240192859689409133e+01
1.237342639447591530e+01
1.234620993477503426e+01
1.232026026374696137e+01
1.229555956715785214e+01
1.227209113916838135e+01
1.224983935320803674e+01
1.222878963498643756e+01
1.220892843743534506e+01
1.219024321790940668e+01
1.217272241691126133e+01
1.215635543902611104e+01
1.214113263535011100e+01
1.212704528783621782e+01
1.211408559522325312e+01
1.210224666062890364e+01
1.209152248082552816e+01
1.208190793692036280e+01
1.207339878680559409e+01
1.206599165889910807e+01
1.205968404766512947e+01
1.205447431039096884e+01
1.205036166562598154e+01
1.204734619306473320e+01
1.204542883488359628e+01
1.204461139872032227e+01
1.204489656192784786e+01
1.204628787771548737e+01
1.204878978246811805e+01
1.205240760503525621e+01
1.205714757727441899e+01
1.206301684651722894e+01
1.207002348966213034e+01
1.207817652896495808e+01
1.208748594970629675e+01
1.209796271967580772e+01
1.210961881073435364e+01
1.212246722214951156e+01
1.213652200625981337e+01
1.215179829623699526e+01
1.216831233612311181e+01
1.218608151337493872e+01
1.220512439375387714e+01
1.222546075907772511e+01
1.224711164766951121e+01
1.227009939772919189e+01
1.229444769388640601e+01
1.232018161704204040e+01
1.234732769774015715e+01
1.237591397314914410e+01
1.240597004813522908e+01
1.243752716051607088e+01
1.247061825061692453e+01
1.250527803588545872e+01
1.254154309039282822e+01
1.257945192981751070e+01
1.261904510236827726e+01
1.266036528588153054e+01
1.270345739161479770e+01
1.274836867528522966e+01
1.279514885565140503e+01
1.284385024184131474e+01
1.289452786918170446e+01
1.294723964485317147e+01
1.300204650409929563e+01
1.305901257752178957e+01
1.311820537052807012e+01
1.317969595615351963e+01
1.324355918186043901e+01
1.330987389212908134e+01
1.337872316755372459e+01
1.345019458248231281e+01
1.352438048226776779e+01
1.360137828240501179e+01
1.368129079115981384e+01
1.376422655793537331e+01
1.385030024997806208e+01
1.393963305979914935e+01
1.403235314648318521e+01
1.412859611393367842e+01
1.422850553007699403e+01
1.433223349071437625e+01
1.443994123277822439e+01
1.455179980219775615e+01
1.466799078146944701e+01
1.478870708444272530e+01
1.491415382411390667e+01
1.504454926273526461e+01
1.518012585257329228e+01
1.532113137791357005e+01
1.546783020983393797e+01
1.562050468715467844e+01
1.577945663809382637e+01
1.594500906052731359e+01
1.611750797927983925e+01
1.629732450343710326e+01
1.648485710915275249e+01
1.668053417696404495e+01
1.688481681743460072e+01
1.709820202435268399e+01
1.732122620035161731e+01
1.755446910728732846e+01
1.779855830264666849e+01
1.805417413219850076e+01
1.832205536388408973e+01
1.860300555877124751e+01
1.889790029586071185e+01
1.920769538675095234e+01
1.953343624147775515e+01
1.987626857938430192e+01
2.023745071484825075e+01
2.061836769525170610e+01
2.102054762563770041e+01
2.144568058470075655e+01
2.189564062499584551e+01
2.237251146079685427e+01
2.287861658503793905e+01
2.341655473353761963e+01
2.398924183652574982e+01
2.459996088682786919e+01
2.525242152326574185e+01
2.595083161245143799e+01
2.669998374456233137e+01
2.750536039998359072e+01
2.837326266241004546e+01
2.931096886978210136e+01
3.032693165137630587e+01
3.143102464432647380e+01
3.263485414238043347e+01
3.395215652731213396e+01
3.539931035490501188e+01
3.699600363192151065e+01
3.876611406770580714e+01
4.073888605779867333e+01
4.295052803332179536e+01
4.544641640768970348e+01
4.828419299886726890e+01
5.153820907843036281e+01
5.530605234199347109e+01
5.971839209195567122e+01
6.495429250332017546e+01
7.126589771155664721e+01
7.901993824135952593e+01
8.877113989644719538e+01
1.014003301550660865e+02
1.183951682426689729e+02
1.424808624223257993e+02
1.792424586270801115e+02
2.421961615046680549e+02
3.744684586409135250e+02
8.220400208277220599e+02
2.272419572098033768e+03
5.447386610753258083e+02
3.001167300485483906e+02
2.063666904372721831e+02
1.569561346767135319e+02
1.264734539058558909e+02
1.058013816148069424e+02
9.086594444866773301e+01
7.957394412057236366e+01
7.073988027719951788e+01
6.364214676752784783e+01
5.781638046867079339e+01
5.295022662424656090e+01
4.882585125268229120e+01
4.528670562893656637e+01
4.221739170192059021e+01
3.953097544878306024e+01
3.716072082153441158e+01
3.505454597783128889e+01
3.317121032041706741e+01
3.147763312356990539e+01
2.994697043584006835e+01
2.855721135534364308e+01
2.729013708645104686e+01
2.613053791726862229e+01
2.506561651665135315e+01
2.408452780555453288e+01
2.317802027148456645e+01
2.233815356221753845e+01
2.155807407971719769e+01
2.083183513910804052e+01
2.015425169748088408e+01
1.952078214119058330e+01
1.892743142950042312e+01
1.837067122418206822e+01
1.784737362926166071e+01
1.735475590996406936e+01
1.689033412514986665e+01
1.645188404107554092e+01
1.603740802629260997e+01
1.564510688640223535e+01
1.527335580017036065e+01
1.492068367589406463e+01
1.458575537509812925e+01
1.426735634863268665e+01
1.396437931218398987e+01
1.367581265197718388e+01
1.340073030425835832e+01
1.313828289452020748e+01
1.288768995723708954e+01
1.264823308548292502e+01
1.241924988316741718e+01
1.220012861272112836e+01
1.199030344582936181e+01
1.178925024050636416e+01
1.159648277668128635e+01
1.141154939387331169e+01
1.123402998132794295e+01
1.106353327863105029e+01
1.089969444959122313e+01
1.074217289811087284e+01
1.059065029786752454e+01
1.044482881221317960e+01
1.030442948283342552e+01
1.016919076885330320e+01
1.003886722066280157e+01
9.913228273322715722e+00
9.792057148132011335e+00
9.675149850225002623e+00
9.562314253585773471e+00
9.453369263495092767e+00
9.348144050140577477e+00
9.246477345352660748e+00
9.148216797130800160e+00
9.053218376213454377e+00
8.961345829931904206e+00
8.872470179047969197e+00
8.786469253565659443e+00
8.703227264167638921e+00
8.622634405930835300e+00
8.544586491944984985e+00
8.468984613555317509e+00
8.395734825741415719e+00
8.324747855006348729e+00
8.255938828009918851e+00
8.189227019525057827e+00
8.124535617560415091e+00
8.061791505251814982e+00
8.000925056964705462e+00
7.941869948615124741e+00
7.884562980481586436e+00
7.828943911682170409e+00
7.774955305634221325e+00
7.722542385398345921e+00
7.671652898433181988e+00
7.622236989877332114e+00
7.574247083947524217e+00
7.527637772734958155e+00
7.482365711903872452e+00
7.438389522935260345e+00
7.395669701160379361e+00
7.354168529815856559e+00
7.313849998967003607e+00
7.274679729442250498e+00
7.236624901513504682e+00
7.199654187661439941e+00
7.163737689508513640e+00
7.128846878448317881e+00
7.094954540008134636e+00
7.062034721296582163e+00
7.030062681859209128e+00
6.999014847304183995e+00
6.968868765916027996e+00
6.939603067817001758e+00
6.911197426575895086e+00
6.883632523418358851e+00
6.856890013497158876e+00
6.830952494342501069e+00
6.805803476469820978e+00
6.781427355822873260e+00
6.757809388047908428e+00
6.734935664767311536e+00
6.712793091205811358e+00
6.691369365883521603e+00
6.670652961402954162e+00
6.650633107196182614e+00
6.631299773475168635e+00
6.612643656677806625e+00
6.594656166218074489e+00
6.577329412801206310e+00
6.560656197684660462e+00
6.544630003599107404e+00
6.529244986584628485e+00
6.514495969272142695e+00
6.500378435310408598e+00
6.486888524956937907e+00
6.474023031904019732e+00
6.461779401187721206e+00
6.450155728382261699e+00
6.439150759989621164e+00
6.428763894773634746e+00
6.418995186529059538e+00
6.409845347878424526e+00
6.401315755393241602e+00
6.393408455824121539e+00
6.386126173558947627e+00
6.379472319458847629e+00
6.373451000852331738e+00
6.368067032948143691e+00
6.363325951430789829e+00
6.359234026709662757e+00
6.355798279313297883e+00
6.353026496939892631e+00
6.350927253002955020e+00
6.349509926764546286e+00
6.348784725027663889e+00
6.348762705696270991e+00
6.349455802991550435e+00
6.350876854619071921e+00
6.353039630930580550e+00
6.355958865851975226e+00
6.359650290470938216e+00
6.364130668385734602e+00
6.369417833700298459e+00
6.375530731534137630e+00
6.382489460998524322e+00
6.390315321181839536e+00
6.399030859965745499e+00
6.408659925931485368e+00
6.419227723796215201e+00
6.430760873131124988e+00
6.443287471057001170e+00
6.456837158650309938e+00
6.471441191997683084e+00
6.487132517371448692e+00
6.503945851578502690e+00
6.521917767343007988e+00
6.541086784165681678e+00
6.561493465399611758e+00
6.583180521435881616e+00
6.606192919833683064e+00
6.630578002990358932e+00
6.656385613451555550e+00
6.683668228084346019e+00
6.712481101301409403e+00
6.742882418455296900e+00
6.774933459839420635e+00
6.808698776628665073e+00
6.844246379481820242e+00
6.881647940818886866e+00
6.920979012418710496e+00
6.962319259062841326e+00
7.005752710466045308e+00
7.051368032253846785e+00
7.099258818634456958e+00
7.149523908323340393e+00
7.202267725978108714e+00
7.257600652022947685e+00
7.315639423236500072e+00
7.376507567445432123e+00
7.440335875815859090e+00
7.507262916779765760e+00
7.577435595597988183e+00
7.651009765209993319e+00
7.728150893000427679e+00
7.809034790754451727e+00
7.893848414097743849e+00
7.982790739903212085e+00
8.076073730468317891e+00
8.173923395183440022e+00
8.276580960564427158e+00
8.384304163359264095e+00
8.497368680308532873e+00
8.616069713695367227e+00
8.740723751491271898e+00
8.871670525618517544e+00
9.009275194842389922e+00
9.153930783025362672e+00
9.306060907852179653e+00
9.466122841839137436e+00
9.634610953323704763e+00
9.812060583451406970e+00
9.999052425418378576e+00
1.019621748286388119e+01
1.040424269877548724e+01
1.062387736312196118e+01
1.085594042704218509e+01
1.110132887721336914e+01
1.136102735291333765e+01
1.163611922691858425e+01
1.192779941542793587e+01
1.223738924044599230e+01
1.256635373744427397e+01
1.291632189116544183e+01
1.328911039257749316e+01
1.368675165293886131e+01
1.411152699110007092e+01
1.456600614350245415e+01
1.505309454694539895e+01
1.557609023731132503e+01
1.613875272505567438e+01
1.674538689434875849e+01
1.740094589161653360e+01
1.811115821357179811e+01
1.888268590331696473e+01
1.972332311627586421e+01
2.064224760439913453e+01
2.165034233585464918e+01
2.276061118030134622e+01
2.398872239587817035e+01
2.535372823198284564e+01
2.687903102311337022e+01
2.859370023097509161e+01
3.053429873826261343e+01
3.274746391422453229e+01
3.529363424026887230e+01
3.825256194955493783e+01
4.173169678148462225e+01
4.587935081694798356e+01
5.090615846481114204e+01
5.712164262713884710e+01
6.499993543618690239e+01
7.530591017408421806e+01
8.935816646983916200e+01
1.096400774475131215e+02
1.414469986793171188e+02
1.984153817772090065e+02
3.293120305141633253e+02
9.082005205715155398e+02
9.368780146510405302e+02
3.378226109029615145e+02
2.048127893101297445e+02
1.472444018588992947e+02
1.151867278878636256e+02
9.477554099909139040e+01
8.064682097006874528e+01
7.029078470966365444e+01
6.237692820951694017e+01
5.613437486111052266e+01
5.108570042200663153e+01
4.691945546781573029e+01
4.342381832282512732e+01
4.044971382624684253e+01
3.788918454720809592e+01
3.566213067556137162e+01
3.370787006853316115e+01
3.197959119384390547e+01
3.044060472610802748e+01
2.906174830486866156e+01
2.781955077532254705e+01
2.669490868444626841e+01
2.567211568609464578e+01
2.473813974500203017e+01
2.388207734610188382e+01
2.309473612313357194e+01
2.236831198587082525e+01
2.169613669231356567e+01
2.107247856452807255e+01
2.049238373746828401e+01
1.995154863842510906e+01
1.944621675650950010e+01
1.897309447074232835e+01
1.852928195471055872e+01
1.811221609741368610e+01
1.771962307239329348e+01
1.734947870359111022e+01
1.699997517319475193e+01
1.666949291777715203e+01
1.635657679413006704e+01
1.605991577560228123e+01
1.577832558458118051e+01
1.551073377673236742e+01
1.525616688281954758e+01
1.501373928435260474e+01
1.478264355620883030e+01
1.456214205559618158e+01
1.435155957359181045e+01
1.415027689571182457e+01
1.395772514330106873e+01
1.377338078736682547e+01
1.359676124320005108e+01
1.342742096900194859e+01
1.326494800168128307e+01
1.310896087453071779e+01
1.295910586803744557e+01
1.281505455280995598e+01
1.267650158909291491e+01
1.254316275199613173e+01
1.241477315600118914e+01
1.229108565571656619e+01
1.217186940273561646e+01
1.205690854117325372e+01
1.194600102660430885e+01
1.183895755497544044e+01
1.173560058977207810e+01
1.163576347706005620e+01
1.153928963933447527e+01
1.144603184017805297e+01
1.135585151233594203e+01
1.126861814339393675e+01
1.118420871288764573e+01
1.110250717626552053e+01
1.102340399101574597e+01
1.094679568128008817e+01
1.087258443694567589e+01
1.080067774446651185e+01
1.073098804648633475e+01
1.066343242737907815e+01
1.059793232292810394e+01
1.053441325155699460e+01
1.047280456568529239e+01
1.041303922114439295e+01
1.035505356345888117e+01
1.029878712939893326e+01
1.024418246247949682e+01
1.019118494166913003e+01
1.013974262182241937e+01
1.008980608510116639e+01
1.004132830258020626e+01
9.994264505162700374e+00
9.948572063181909897e+00
9.904210373768313147e+00
9.861140756026090415e+00
9.819326352617178344e+00
9.778732037987104775e+00
9.739324332365118408e+00
9.701071321269589376e+00
9.663942580210706623e+00
9.627909103960330839e+00
9.592943240317433506e+00
9.559018628107049054e+00
9.526110138890862444e+00
9.494193822337884114e+00
9.463246854955407628e+00
9.433247491942486462e+00
9.404175022096005421e+00
9.376009725306909459e+00
9.348732832849350416e+00
9.322326490018415512e+00
9.296773721069488516e+00
9.272058396292107929e+00
9.248165201311003614e+00
9.225079608030132050e+00
9.202787847651999087e+00
9.181276885323267578e+00
9.160534396392822742e+00
9.140548744283226057e+00
9.121308959793704929e+00
9.102804721882771233e+00
9.085026339679355800e+00
9.067964735925116315e+00
9.051611431500203864e+00
9.035958531193838184e+00
9.020998710686187749e+00
9.006725204426148323e+00
8.993131794749194441e+00
8.980212801894177588e+00
8.967963075105991777e+00
8.956377984567119199e+00
8.945453414380592605e+00
8.935185756411293312e+00
8.925571905025607933e+00
8.916609252695188559e+00
8.908295686498242105e+00
8.900629585498286644e+00
8.893609818820344515e+00
8.887235744793667180e+00
8.881507210748701198e+00
8.876424553761259162e+00
8.871988602141950508e+00
8.868200677912621899e+00
8.865062599988215553e+00
8.862576688343322573e+00
8.860745768959560564e+00
8.859573179755910743e+00
8.859062777368482244e+00
8.859218944950226771e+00
8.860046600765510760e+00
8.861551207983598744e+00
8.863738785326386704e+00
8.866615918946205710e+00
8.870189775144487143e+00
8.874468114504795224e+00
8.879459306983811473e+00
8.885172348441980006e+00
8.891616878268006730e+00
8.898803198505147449e+00
8.906742294324931919e+00
8.915445856023529458e+00
8.924926302535055811e+00
8.935196806663174840e+00
8.946271322052055552e+00
8.958164611959025692e+00
8.970892279902928479e+00
8.984470802663675926e+00
8.998917565126189899e+00
9.014250897655015748e+00
9.030490115891099734e+00
9.047655563233174547e+00
9.065768655972121337e+00
9.084851931664321256e+00
9.104929100423049704e+00
9.126025099883333880e+00
9.148166153561492209e+00
9.171379833394734504e+00
9.195695126259970209e+00
9.221142505061823869e+00
9.247754004687434914e+00
9.275563303079430000e+00
9.304605807922866845e+00
9.334918749402298488e+00
9.366541279312324164e+00
9.399514577246639746e+00
9.433881964326447545e+00
9.469689025060366916e+00
9.506983738079140878e+00
9.545816616343307359e+00
9.586240857837660556e+00
9.628312507404110931e+00
9.672090630887932861e+00
9.717637502514680392e+00
9.765018806778622107e+00
9.814303856111163071e+00
9.865565825678388023e+00
9.918882007154429914e+00
9.974334082908301369e+00
1.003200842271495752e+01
1.009199640535792497e+01
1.015439476706611366e+01
1.021930597990592382e+01
1.028683866302564631e+01
1.035710802985659917e+01
1.043023637542351167e+01
1.050635360751837233e+01
1.058559782694395857e+01
1.066811596164424358e+01
1.075406446104932101e+01
1.084361005718020365e+01
1.093693060021412755e+01
1.103421597703713708e+01
1.113566912273057952e+01
1.124150713599162188e+01
1.135196251117218758e+01
1.146728450150006218e+01
1.158774063001061805e+01
1.171361836716916116e+01
1.184522699712820071e+01
1.198289969784226905e+01
1.212699586405937779e+01
1.227790370716539670e+01
1.243604317094470169e+01
1.260186920913038477e+01
1.277587547831818782e+01
1.295859850866273710e+01
1.315062242657832492e+01
1.335258431631717180e+01
1.356518032362072290e+01
1.378917262437446745e+01
1.402539740450992767e+01
1.427477402705586584e+01
1.453831559718967803e+01
1.481714118104258837e+01
1.511248998820506628e+01
1.542573789636654702e+01
1.575841678236445453e+01
1.611223723186691714e+01
1.648911533743767777e+01
1.689120447038084194e+01
1.732093313804546142e+01
1.778105033105698496e+01
1.827468014906646943e+01
1.880538799732225641e+01
1.937726131921710859e+01
1.999500872973985821e+01
2.066408263603641160e+01
2.139083210471813246e+01
2.218269505257445218e+01
2.304844209109565867e+01
2.399848897919088486e+01
2.504530131307465624e+01
2.620392486029890122e+01
2.749268952858543713e+01
2.893415711520687239e+01
3.055641734767731776e+01
3.239489126563770327e+01
3.449488978218766277e+01
3.691532398240769197e+01
3.973422095503693896e+01
4.305716043117777048e+01
4.703061077515986455e+01
5.186383811957142598e+01
5.786658696819535663e+01
6.551757503245613634e+01
7.559781485095304276e+01
8.947365859594557946e+01
1.097705125684955050e+02
1.422520118541708314e+02
2.024700506798725144e+02
3.512557883337487397e+02
1.174146391065867874e+03
6.434679741702741467e+02
2.739928505809845660e+02
1.725863736400542336e+02
1.257015067603659304e+02
9.874162906569424081e+01
8.124759138222034949e+01
6.898623793060912135e+01
5.991994072229734769e+01
5.294709149563693273e+01
4.742014998461743858e+01
4.293360338848552260e+01
3.922057458757205239e+01
3.609825088351991695e+01
3.343720479081164854e+01
3.114323474924428936e+01
2.914614523114405387e+01
2.739255801126105538e+01
2.584116048502771434e+01
2.445947878276800225e+01
2.322163385244185108e+01
2.210674807834372046e+01
2.109779256128853930e+01
2.018073915363623883e+01
1.934392722249976160e+01
1.857758427590367845e+01
1.787345853546099761e+01
1.722453409969649485e+01
1.662480782297017612e+01
1.606911285318973626e+01
1.555297782909503823e+01
1.507251360424321440e+01
1.462432141757293280e+01
1.420541791848056157e+01
1.381317354451074841e+01
1.344526155721172600e+01
1.309961564582367188e+01
1.277439446416798674e+01
1.246795181284491072e+01
1.217881144541971672e+01
1.190564568303081039e+01
1.164725718220051753e+01
1.140256332617659751e+01
1.117058280973862594e+01
1.095042406601990770e+01
1.074127524650136856e+01
1.054239551650472606e+01
1.035310746870332466e+01
1.017279049059379936e+01
1.000087494876562921e+01
9.836837074826592087e+00
9.680194456124056046e+00
9.530502049259846231e+00
9.387348647117919498e+00
9.250353739966737265e+00
9.119164720562775273e+00
8.993454389598040777e+00
8.872918724853695593e+00
8.757274881651236242e+00
8.646259397313070139e+00
8.539626575533077357e+00
8.437147030025256456e+00
8.338606369373009031e+00
8.243804007206074758e+00
8.152552084126627463e+00
8.064674489142722891e+00
7.980005970133377424e+00
7.898391323929093488e+00
7.819684657839099273e+00
7.743748715342068323e+00
7.670454259539538633e+00
7.599679508546413942e+00
7.531309618015229468e+00
7.465236205933259761e+00
7.401356915957403082e+00
7.339575015632365584e+00
7.279799026113520810e+00
7.221942380842993003e+00
7.165923110211779523e+00
7.111663550248459309e+00
7.059090073021786260e+00
7.008132836950236033e+00
6.958725555359634996e+00
6.910805281686242196e+00
6.864312209991351388e+00
6.819189489529657422e+00
6.775383052224785985e+00
6.732841451995590809e+00
6.691515715033866663e+00
6.651359200192556997e+00
6.612327468608227399e+00
6.574378161997520564e+00
6.537470888829987281e+00
6.501567117903025661e+00
6.466630078725745356e+00
6.432624668176739391e+00
6.399517363060418518e+00
6.367276138085006032e+00
6.335870388959408572e+00
6.305270860098923791e+00
6.275449576771374716e+00
6.246379781354547411e+00
6.218035873352405929e+00
6.190393352979946862e+00
6.163428768089830534e+00
6.137119664194173652e+00
6.111444537377068720e+00
6.086382789964893014e+00
6.061914688706628418e+00
6.038021325380963589e+00
6.014684579620073634e+00
5.991887083870502728e+00
5.969612190324121492e+00
5.947843939696747739e+00
5.926567031816131426e+00
5.905766797826880854e+00
5.885429173979326301e+00
5.865540676856463520e+00
5.846088380092647974e+00
5.827059892300803234e+00
5.808443336338790175e+00
5.790227329715282423e+00
5.772400966169516145e+00
5.754953798278207522e+00
5.737875821122199405e+00
5.721157456917523199e+00
5.704789540571791662e+00
5.688763306143071574e+00
5.673070374147313188e+00
5.657702739706497397e+00
5.642652761435646092e+00
5.627913151161537009e+00
5.613476964314339845e+00
5.599337591080414178e+00
5.585488748203740528e+00
5.571924471484537733e+00
5.558639108940424123e+00
5.545627314594084645e+00
5.532884042888224663e+00
5.520404543732543523e+00
5.508184358161400951e+00
5.496219314593529859e+00
5.484505525692063621e+00
5.473039385832778159e+00
5.461817569176130149e+00
5.450837028310756338e+00
5.440094993581655380e+00
5.429588972919170864e+00
5.419316752406321491e+00
5.409276397402623004e+00
5.399466254360131501e+00
5.389884953264241219e+00
5.380531410809461512e+00
5.371404834213146628e+00
5.362504725820883777e+00
5.353830888428134038e+00
5.345383431387185524e+00
5.337162777563898786e+00
5.329169671089443838e+00
5.321405186072858839e+00
5.313870736205533518e+00
5.306568085370368948e+00
5.299499359288598832e+00
5.292667058263989865e+00
5.286074071098510352e+00
5.279723690220316179e+00
5.273619628107849344e+00
5.267766035158201632e+00
5.262167518923272169e+00
5.256829165043427565e+00
5.251756559725564877e+00
5.246955814099799831e+00
5.242433590442328928e+00
5.238197130429766979e+00
5.234254285597012668e+00
5.230613550107351628e+00
5.227284096058447460e+00
5.224275811428201521e+00
5.221599340959481417e+00
5.219266130104614376e+00
5.217288472312717751e+00
5.215679559900392448e+00
5.214453538804771249e+00
5.213625567452943699e+00
5.213211880152954336e+00
5.213229855281625191e+00
5.213698088732617641e+00
5.214636472940910927e+00
5.216066282065128235e+00
5.218010263684273120e+00
5.220492737650555881e+00
5.223539702636153415e+00
5.227178951023388365e+00
5.231440192850953963e+00
5.236355189538958399e+00
5.241957898313160946e+00
5.248284628118123685e+00
5.255374208095860311e+00
5.263268169784320882e+00
5.272010944085206319e+00
5.281650074472770129e+00
5.292236447776070385e+00
5.303824544265826724e+00
5.316472708682320913e+00
5.330243444244014306e+00
5.345203731771642097e+00
5.361425376289287392e+00
5.378985383810477749e+00
5.397966371239540706e+00
5.418457012663513872e+00
5.440552525737231804e+00
5.464355202269506329e+00
5.489974987650855454e+00
5.517530114316207879e+00
5.547147795067507658e+00
5.578964983010339829e+00
5.613129205520946741e+00
5.649799480898916926e+00
5.689147327508117691e+00
5.731357876521523842e+00
5.776631101390986345e+00
5.825183178587387545e+00
5.877247997113943079e+00
5.933078836544009249e+00
5.992950236836738220e+00
6.057160087184962904e+00
6.126031965513334399e+00
6.199917766202145408e+00
6.279200660012503654e+00
6.364298438667598035e+00
6.455667306060863808e+00
6.553806190149619404e+00
6.659261664349648946e+00
6.772633584722089317e+00
6.894581571533818121e+00
7.025832490664954300e+00
7.167189124003961354e+00
7.319540259785369152e+00
7.483872486466531804e+00
7.661284039757293662e+00
7.853001136316074771e+00
8.060397334983701256e+00
8.285016603683223124e+00
8.528600948736769993e+00
8.793123695588979771e+00
9.080829815998461285e+00
9.394285102827002021e+00
9.736436537337681330e+00
1.011068693022182785e+01
1.052098792404132510e+01
1.097195683755738216e+01
1.146902478260629188e+01
1.201862625235757775e+01
1.262844436445421969e+01
1.330773176968844140e+01
1.406773590317661693e+01
1.492227038530480066e+01
1.588849468569530110e+01
1.698799627841914628e+01
1.824832160421341243e+01
1.970518902935462791e+01
2.140576653553202746e+01
2.341366367975681939e+01
2.581678330725270953e+01
2.874014520790422367e+01
3.236778615798615988e+01
3.698222807665912626e+01
4.304047756711251083e+01
5.133314537778004905e+01
6.335615366180347507e+01
8.232003513294320385e+01
1.165729430654375562e+02
1.964461387206684151e+02
5.568285782619760766e+02
4.890188032529356406e+02
1.909530192001349178e+02
1.181833218465988153e+02
8.595738444017531776e+01
6.783294290098807267e+01
5.623244643413040222e+01
4.817867884631493780e+01
4.226565622514775811e+01
3.774337142219788177e+01
3.417532654741999920e+01
3.129027008016776534e+01
2.891078174092221431e+01
2.691593962167462450e+01
2.522049477841430587e+01
2.376262347932317454e+01
2.249640061120614476e+01
2.138699948364983783e+01
2.040753155543288244e+01
1.953690772273434106e+01
1.875835563751345347e+01
1.805836972195599088e+01
1.742595340058362297e+01
1.685206288084224369e+01
1.632919259865435890e+01
1.585106195038456534e+01
1.541237557098437705e+01
1.500863777338794414e+01
1.463600739161040210e+01
1.429118312388956902e+01
1.397131215250341363e+01
1.367391670813741733e+01
1.339683459828867207e+01
1.313817069729200959e+01
1.289625711146169351e+01
1.266962026197747804e+01
1.245695352367229169e+01
1.225709435585375928e+01
1.206900508793029658e+01
1.189175669626657950e+01
1.172451504291053404e+01
1.156652915141836857e+01
1.141712117637235302e+01
1.127567778826157152e+01
1.114164274606250160e+01
1.101451047101833147e+01
1.089382046764679757e+01
1.077915246474849553e+01
1.067012217027020604e+01
1.056637755154834046e+01
1.046759556677219649e+01
1.037347928509943529e+01
1.028375534266608327e+01
1.019817168973970389e+01
1.011649559091312511e+01
1.003851184595942314e+01
9.964021203376573155e+00
9.892838942883305009e+00
9.824793606246787547e+00
9.759725858718020675e+00
9.697487465667984807e+00
9.637940371204722467e+00
9.580955867008535520e+00
9.526413841406396799e+00
9.474202099774926111e+00
9.424215748581021401e+00
9.376356636159295377e+00
9.330532844371932200e+00
9.286658225779698128e+00
9.244651981717749933e+00
9.204438277153890624e+00
9.165945888622108129e+00
9.129107882071261670e+00
9.093861317705146163e+00
9.060146979162086112e+00
9.027909124948596542e+00
8.997095259772560638e+00
8.967655924276416002e+00
8.939544501251665665e+00
8.912717036981668173e+00
8.887132076382169288e+00
8.862750510706325358e+00
8.839535436750995956e+00
8.817452026597193182e+00
8.796467407027073193e+00
8.776550547708684036e+00
8.757672157629118104e+00
8.739804588899131588e+00
8.722921747495639977e+00
8.706999010363482228e+00
8.692013148289454705e+00
8.677942254272046796e+00
8.664765676820559648e+00
8.652463957937360561e+00
8.641018775330168822e+00
8.630412888627132517e+00
8.620630089274465391e+00
8.611655153906273341e+00
8.603473800803911331e+00
8.596072649466584892e+00
8.589439182832611763e+00
8.583561712206121186e+00
8.578429344501913079e+00
8.574031951830002996e+00
8.570360143170086431e+00
8.567405238100120002e+00
8.565159242270166118e+00
8.563614824831523364e+00
8.562765297363178263e+00
8.562604594456221463e+00
8.563127255776063151e+00
8.564328409498461525e+00
8.566203757113004968e+00
8.568749559508626490e+00
8.571962624216366677e+00
8.575840293846484386e+00
8.580380435628946145e+00
8.585581432007165503e+00
8.591442172210555839e+00
8.597962044897176526e+00
8.605140931620322675e+00
8.612979201306599109e+00
8.621477705578733719e+00
8.630637774935816964e+00
8.640461215791283678e+00
8.650950308327267635e+00
8.662107805167609698e+00
8.673936930811381174e+00
8.686441381884208113e+00
8.699625328181340933e+00
8.713493414396443981e+00
8.728050762742421753e+00
8.743302976231978718e+00
8.759256142791302935e+00
8.775916840107933936e+00
8.793292141277582630e+00
8.811389621251137783e+00
8.830217364024264270e+00
8.849783970704198310e+00
8.870098568388840476e+00
8.891170819792700186e+00
8.913010933936945435e+00
8.935629677479372646e+00
8.959038387193009711e+00
8.983248983195469606e+00
9.008273983267535812e+00
9.034126518120650928e+00
9.060820347741081804e+00
9.088369878777957211e+00
9.116790183087561061e+00
9.146097017451744193e+00
9.176306844491927350e+00
9.207436854897624201e+00
9.239504990974973353e+00
9.272529971606413568e+00
9.306531318669005515e+00
9.341529385028005450e+00
9.377545384148559648e+00
9.414601421404560355e+00
9.452720527167340236e+00
9.491926691905437252e+00
9.532244903176868789e+00
9.573701184798204977e+00
9.616322638273715029e+00
9.660137486562959452e+00
9.705175120424817337e+00
9.751466147411015584e+00
9.799042443654990109e+00
9.847937208753924310e+00
9.898185023799570104e+00
9.949821912880317143e+00
1.000288540811603788e+01
1.005741461865780728e+01
1.011345030376899068e+01
1.017103495031748750e+01
1.023021285498002264e+01
1.029103021142511132e+01
1.035353520293587337e+01
1.041777810078752786e+01
1.048381136867531183e+01
1.055168977390416174e+01
1.062147050555820016e+01
1.069321330033079143e+01
1.076698057650884266e+01
1.084283757677930637e+01
1.092085252044698862e+01
1.100109676595151598e+01
1.108364498423823896e+01
1.116857534413479236e+01
1.125596971045446004e+01
1.134591385595462931e+01
1.143849768832737013e+01
1.153381549337568401e+01
1.163196619577477442e+01
1.173305363901298826e+01
1.183718688591328672e+01
1.194448054182029217e+01
1.205505510223843046e+01
1.216903732726001586e+01
1.228656064506464674e+01
1.240776558732856394e+01
1.253280025926644647e+01
1.266182084793646290e+01
1.279499217209687245e+01
1.293248827783754074e+01
1.307449308450889447e+01
1.322120108580717535e+01
1.337281811184738700e+01
1.352956215815965102e+01
1.369166428888931009e+01
1.385936962189377653e+01
1.403293840448456997e+01
1.421264718988947351e+01
1.439879012538846403e+01
1.459168036483528574e+01
1.479165161973456577e+01
1.499905986507586597e+01
1.521428521807095002e+01
1.543773401079004159e+01
1.566984108033103951e+01
1.591107230360896985e+01
1.616192740799225902e+01
1.642294309311592571e+01
1.669469650514415804e+01
1.697780911072428012e+01
1.727295102502317548e+01
1.758084585771999286e+01
1.790227615015720630e+01
1.823808949007550950e+01
1.858920540403142141e+01
1.895662314583041663e+01
1.934143051949525116e+01
1.974481390093808741e+01
2.016806965283377906e+01
2.061261716362417928e+01
2.108001378709804996e+01
2.157197201390270536e+01
2.209037927333896079e+01
2.263732084853301529e+01
2.321510649089665890e+01
2.382630145004180733e+01
2.447376279791447118e+01
2.516068213202533954e+01
2.589063600377491525e+01
2.666764575321569453e+01
2.749624886244209776e+01
2.838158450064401350e+01
2.932949666635915165e+01
3.034665929977600385e+01
3.144072902527411273e+01
3.262053291541264599e+01
3.389630101519362171e+01
3.527995658958030845e+01
3.678548153272517141e+01
3.842938066803215946e+01
4.023127763450109029e+01
4.221468801942925353e+01
4.440803444772253528e+01
4.684599681830876960e+01
4.957133428371280104e+01
5.263738311358046218e+01
5.611154217759222007e+01
6.008023365846534602e+01
6.465612254616674193e+01
6.998889300201743424e+01
7.628180818498088911e+01
8.381802882826545442e+01
9.300412692677831217e+01
1.044454936008232266e+02
1.190846847958535761e+02
1.384738133444208472e+02
1.653614106813766966e+02
2.051169445565403464e+02
2.698155151783903420e+02
3.933203700308827706e+02
7.180781779420472049e+02
2.606733854868358776e+03
9.665122995683810814e+02
4.617511944288365271e+02
3.017219825425511885e+02
2.239960370180046425e+02
1.781679136898821696e+02
1.479705677032916356e+02
1.265822963193981820e+02
1.106444655909001966e+02
9.831250702315918488e+01
8.848949317639446122e+01
8.048231973728790933e+01
7.383158845627208677e+01
6.822078479571017340e+01
6.342474667816274092e+01
5.927893066841919278e+01
5.566030175916587552e+01
5.247502283556202229e+01
4.965027953205103017e+01
4.712870588867276922e+01
4.486449420282533396e+01
4.282062393218405560e+01
4.096685130129978347e+01
3.927822666192081869e+01
3.773398476130503099e+01
3.631670290408997204e+01
3.501165448093651378e+01
3.380630694180467088e+01
3.268992791389997166e+01
3.165327322939866406e+01
3.068833765687121584e+01
2.978815411020463344e+01
2.894663068168677356e+01
2.815841744032255534e+01
2.741879683968010184e+01
2.672359299421052725e+01
2.606909613923230395e+01
2.545199939097741293e+01
2.486934553148505245e+01
2.431848201247854391e+01
2.379702273424810244e+01
2.330281543868929717e+01
2.283391377760496965e+01
2.238855329201979671e+01
2.196513067887770632e+01
2.156218583136501010e+01
2.117838622983853014e+01
2.081251333188421171e+01
2.046345066924480349e+01
2.013017340687708412e+01
1.981173915885961634e+01
1.950727988815343039e+01
1.921599474388921536e+01
1.893714371194521462e+01
1.867004197319184300e+01
1.841405487893579007e+01
1.816859346648095652e+01
1.793311044784657327e+01
1.770709661500101717e+01
1.749007761141255202e+01
1.728161102763991508e+01
1.708128378328450481e+01
1.688870976316139760e+01
1.670352767921063730e+01
1.652539913352897472e+01
1.635400686064143727e+01
1.618905313021864600e+01
1.603025829321251550e+01
